retval: 0.47151666324584757
camera matrix: [[621.40562026   0.         310.51277384]
 [  0.         639.96310931 357.51762425]
 [  0.           0.           1.        ]]
distCoeffs: [[ 0.12911418  0.46688527  0.035626   -0.00717814 -1.96667324]]
rvecs: [array([[-0.23127245],
       [ 0.01042848],
       [ 0.5926637 ]]), array([[-0.16606957],
       [ 0.86627792],
       [-2.75986605]]), array([[0.47433588],
       [0.03170061],
       [0.23524222]])]
tvecs: [array([[-2.40710763],
       [-8.47810277],
       [18.23829373]]), array([[ 2.50582012],
       [ 0.3429308 ],
       [15.67378261]]), array([[-2.76995937],
       [-5.41363228],
       [11.86041021]])]
